=== Summary: Speedup vs Baseline ===
SHIFTS\TILES         1         2         4         8        16        32
------------------------------------------------------------------------
           5      0.70      0.72      0.85      0.53      0.19      0.16
           6      0.78      0.85      0.66      0.38      0.34      0.20
           8      1.03      0.82      0.71      0.54      0.39      0.23
          10      1.00      1.15      1.29      1.33      1.27      1.08
          12      0.99      1.18      1.30      1.33      1.36      1.35
          13      0.98      1.19      1.32      1.39      1.41      1.39
          14       N/A       N/A       N/A       N/A       N/A       N/A

=== Summary: End-to-End Speedup ===
SHIFTS\TILES         1         2         4         8        16        32
------------------------------------------------------------------------
           5      1.01      1.02      1.03      1.01      0.93      0.90
           6      1.00      0.99      1.00      0.98      0.98      0.93
           8      1.00      0.98      0.99      0.98      0.97      0.92
          10      0.97      0.99      1.03      1.03      1.03      1.02
          12      0.98      0.98      1.01      0.98      1.01      1.02
          13      1.00      1.02      1.03      1.03      1.05      1.06
          14       N/A       N/A       N/A       N/A       N/A       N/A